1, 1, R:   82
1, 1, G:   57
1, 1, B:   21
1, 2, R:   46
1, 2, G:   24
1, 2, B:    8
1, 3, R:   46
1, 3, G:   24
1, 3, B:    8
1, 4, R:   53
1, 4, G:   33
1, 4, B:   19
1, 5, R:   53
1, 5, G:   33
1, 5, B:   19
1, 6, R:   46
1, 6, G:   24
1, 6, B:    8
1, 7, R:   46
1, 7, G:   24
1, 7, B:    8
1, 8, R:   46
1, 8, G:   24
1, 8, B:    8
2, 1, R:   87
2, 1, G:   66
2, 1, B:   33
2, 2, R:   87
2, 2, G:   66
2, 2, B:   33
2, 3, R:   87
2, 3, G:   66
2, 3, B:   33
2, 4, R:   87
2, 4, G:   66
2, 4, B:   33
2, 5, R:   87
2, 5, G:   66
2, 5, B:   33
2, 6, R:  141
2, 6, G:  114
2, 6, B:   56
2, 7, R:  141
2, 7, G:  114
2, 7, B:   56
2, 8, R:  101
2, 8, G:   70
2, 8, B:   38
3, 1, R:   87
3, 1, G:   66
3, 1, B:   33
3, 2, R:   87
3, 2, G:   66
3, 2, B:   33
3, 3, R:   87
3, 3, G:   66
3, 3, B:   33
3, 4, R:   87
3, 4, G:   66
3, 4, B:   33
3, 5, R:   87
3, 5, G:   66
3, 5, B:   33
3, 6, R:  141
3, 6, G:  114
3, 6, B:   56
3, 7, R:  141
3, 7, G:  114
3, 7, B:   56
3, 8, R:  101
3, 8, G:   70
3, 8, B:   38
4, 1, R:  101
4, 1, G:   70
4, 1, B:   38
4, 2, R:  133
4, 2, G:   90
4, 2, B:   53
4, 3, R:  133
4, 3, G:   90
4, 3, B:   53
4, 4, R:   82
4, 4, G:   57
4, 4, B:   21
4, 5, R:   82
4, 5, G:   57
4, 5, B:   21
4, 6, R:   46
4, 6, G:   24
4, 6, B:    8
4, 7, R:   46
4, 7, G:   24
4, 7, B:    8
4, 8, R:   46
4, 8, G:   24
4, 8, B:    8
5, 1, R:  101
5, 1, G:   70
5, 1, B:   38
5, 2, R:  133
5, 2, G:   90
5, 2, B:   53
5, 3, R:  133
5, 3, G:   90
5, 3, B:   53
5, 4, R:   82
5, 4, G:   57
5, 4, B:   21
5, 5, R:   82
5, 5, G:   57
5, 5, B:   21
5, 6, R:   46
5, 6, G:   24
5, 6, B:    8
5, 7, R:   46
5, 7, G:   24
5, 7, B:    8
5, 8, R:   46
5, 8, G:   24
5, 8, B:    8
6, 1, R:   46
6, 1, G:   24
6, 1, B:    8
6, 2, R:   46
6, 2, G:   24
6, 2, B:    8
6, 3, R:   46
6, 3, G:   24
6, 3, B:    8
6, 4, R:   87
6, 4, G:   66
6, 4, B:   33
6, 5, R:   87
6, 5, G:   66
6, 5, B:   33
6, 6, R:   87
6, 6, G:   66
6, 6, B:   33
6, 7, R:   87
6, 7, G:   66
6, 7, B:   33
6, 8, R:   87
6, 8, G:   66
6, 8, B:   33
7, 1, R:   46
7, 1, G:   24
7, 1, B:    8
7, 2, R:   46
7, 2, G:   24
7, 2, B:    8
7, 3, R:   46
7, 3, G:   24
7, 3, B:    8
7, 4, R:   87
7, 4, G:   66
7, 4, B:   33
7, 5, R:   87
7, 5, G:   66
7, 5, B:   33
7, 6, R:   87
7, 6, G:   66
7, 6, B:   33
7, 7, R:   87
7, 7, G:   66
7, 7, B:   33
7, 8, R:   87
7, 8, G:   66
7, 8, B:   33
8, 1, R:   82
8, 1, G:   57
8, 1, B:   21
8, 2, R:   87
8, 2, G:   66
8, 2, B:   33
8, 3, R:   87
8, 3, G:   66
8, 3, B:   33
8, 4, R:   87
8, 4, G:   66
8, 4, B:   33
8, 5, R:   87
8, 5, G:   66
8, 5, B:   33
8, 6, R:   87
8, 6, G:   66
8, 6, B:   33
8, 7, R:   87
8, 7, G:   66
8, 7, B:   33
8, 8, R:   87
8, 8, G:   66
8, 8, B:   33
